rbf
(0.78043660789252733, 0.21544346900318834, 4.1246263829013477e-06)
(0.77434928631402178, 0.077426368268112694, 4.1246263829013477e-06)
(0.77371956339210746, 0.59948425031894093, 4.1246263829013477e-06)
(0.75671704450041977, 1.6681005372000592, 4.1246263829013477e-06)
(0.75209907640638118, 4.6415888336127775, 4.1246263829013477e-06)
(0.73929471032745597, 12.915496650148826, 4.1246263829013477e-06)
(0.73215785054575988, 35.938136638046259, 2.8942661247167518e-07)
(0.72858942065491183, 100.0, 2.8942661247167518e-07)
(0.72732997481108308, 12.915496650148826, 2.8942661247167518e-07)
(0.72250209907640639, 35.938136638046259, 4.1246263829013477e-06)
(0.71788413098236781, 4.6415888336127775, 2.8942661247167518e-07)
(0.69962216624685136, 1.6681005372000592, 2.8942661247167518e-07)
(0.67653232577665823, 100.0, 4.1246263829013477e-06)
(0.65806045340050379, 100.0, 2.0309176209047348e-08)
(0.65323257766582699, 0.59948425031894093, 2.8942661247167518e-07)
(0.6139798488664987, 35.938136638046259, 2.0309176209047348e-08)
(0.59781696053736355, 0.21544346900318834, 2.8942661247167518e-07)
(0.58249370277078083, 12.915496650148826, 2.0309176209047348e-08)
(0.57472712006717042, 4.6415888336127775, 2.0309176209047348e-08)
(0.57451721242653231, 0.59948425031894093, 5.8780160722748996e-05)
(0.57451721242653231, 100.0, 1.4251026703029963e-09)
(0.5743073047858942, 0.01, 1e-10)
(0.5743073047858942, 0.01, 1.4251026703029963e-09)
(0.5743073047858942, 0.01, 2.0309176209047348e-08)
(0.5743073047858942, 0.01, 2.8942661247167518e-07)
(0.5743073047858942, 0.01, 4.1246263829013477e-06)
(0.5743073047858942, 0.01, 5.8780160722748996e-05)
(0.5743073047858942, 0.01, 0.00083767764006829068)
(0.5743073047858942, 0.01, 0.011937766417144358)
(0.5743073047858942, 0.01, 0.17012542798525856)
(0.5743073047858942, 0.01, 2.424462017082321)
(0.5743073047858942, 0.01, 34.551072945922044)
(0.5743073047858942, 0.01, 492.38826317067316)
(0.5743073047858942, 0.01, 7017.0382867038079)
(0.5743073047858942, 0.01, 100000.0)
(0.5743073047858942, 0.027825594022071243, 1e-10)
(0.5743073047858942, 0.027825594022071243, 1.4251026703029963e-09)
(0.5743073047858942, 0.027825594022071243, 2.0309176209047348e-08)
(0.5743073047858942, 0.027825594022071243, 2.8942661247167518e-07)
(0.5743073047858942, 0.027825594022071243, 4.1246263829013477e-06)
(0.5743073047858942, 0.027825594022071243, 5.8780160722748996e-05)
(0.5743073047858942, 0.027825594022071243, 0.00083767764006829068)
(0.5743073047858942, 0.027825594022071243, 0.011937766417144358)
(0.5743073047858942, 0.027825594022071243, 0.17012542798525856)
(0.5743073047858942, 0.027825594022071243, 2.424462017082321)
(0.5743073047858942, 0.027825594022071243, 34.551072945922044)
(0.5743073047858942, 0.027825594022071243, 492.38826317067316)
(0.5743073047858942, 0.027825594022071243, 7017.0382867038079)
(0.5743073047858942, 0.027825594022071243, 100000.0)
(0.5743073047858942, 0.077426368268112694, 1e-10)
(0.5743073047858942, 0.077426368268112694, 1.4251026703029963e-09)
(0.5743073047858942, 0.077426368268112694, 2.0309176209047348e-08)
(0.5743073047858942, 0.077426368268112694, 2.8942661247167518e-07)
(0.5743073047858942, 0.077426368268112694, 5.8780160722748996e-05)
(0.5743073047858942, 0.077426368268112694, 0.00083767764006829068)
(0.5743073047858942, 0.077426368268112694, 0.011937766417144358)
(0.5743073047858942, 0.077426368268112694, 0.17012542798525856)
(0.5743073047858942, 0.077426368268112694, 2.424462017082321)
(0.5743073047858942, 0.077426368268112694, 34.551072945922044)
(0.5743073047858942, 0.077426368268112694, 492.38826317067316)
(0.5743073047858942, 0.077426368268112694, 7017.0382867038079)
(0.5743073047858942, 0.077426368268112694, 100000.0)
(0.5743073047858942, 0.21544346900318834, 1e-10)
(0.5743073047858942, 0.21544346900318834, 1.4251026703029963e-09)
(0.5743073047858942, 0.21544346900318834, 2.0309176209047348e-08)
(0.5743073047858942, 0.21544346900318834, 5.8780160722748996e-05)
(0.5743073047858942, 0.21544346900318834, 0.00083767764006829068)
(0.5743073047858942, 0.21544346900318834, 0.011937766417144358)
(0.5743073047858942, 0.21544346900318834, 0.17012542798525856)
(0.5743073047858942, 0.21544346900318834, 2.424462017082321)
(0.5743073047858942, 0.21544346900318834, 34.551072945922044)
(0.5743073047858942, 0.21544346900318834, 492.38826317067316)
(0.5743073047858942, 0.21544346900318834, 7017.0382867038079)
(0.5743073047858942, 0.21544346900318834, 100000.0)
(0.5743073047858942, 0.59948425031894093, 1e-10)
(0.5743073047858942, 0.59948425031894093, 1.4251026703029963e-09)
(0.5743073047858942, 0.59948425031894093, 2.0309176209047348e-08)
(0.5743073047858942, 0.59948425031894093, 0.00083767764006829068)
(0.5743073047858942, 0.59948425031894093, 0.011937766417144358)
(0.5743073047858942, 0.59948425031894093, 0.17012542798525856)
(0.5743073047858942, 0.59948425031894093, 2.424462017082321)
(0.5743073047858942, 0.59948425031894093, 34.551072945922044)
(0.5743073047858942, 0.59948425031894093, 492.38826317067316)
(0.5743073047858942, 0.59948425031894093, 7017.0382867038079)
(0.5743073047858942, 0.59948425031894093, 100000.0)
(0.5743073047858942, 1.6681005372000592, 1e-10)
(0.5743073047858942, 1.6681005372000592, 1.4251026703029963e-09)
(0.5743073047858942, 1.6681005372000592, 2.0309176209047348e-08)
(0.5743073047858942, 1.6681005372000592, 0.00083767764006829068)
(0.5743073047858942, 1.6681005372000592, 0.011937766417144358)
(0.5743073047858942, 1.6681005372000592, 0.17012542798525856)
(0.5743073047858942, 1.6681005372000592, 2.424462017082321)
(0.5743073047858942, 1.6681005372000592, 34.551072945922044)
(0.5743073047858942, 1.6681005372000592, 492.38826317067316)
(0.5743073047858942, 1.6681005372000592, 7017.0382867038079)
(0.5743073047858942, 1.6681005372000592, 100000.0)
(0.5743073047858942, 4.6415888336127775, 1e-10)
(0.5743073047858942, 4.6415888336127775, 1.4251026703029963e-09)
(0.5743073047858942, 4.6415888336127775, 0.00083767764006829068)
(0.5743073047858942, 4.6415888336127775, 0.011937766417144358)
(0.5743073047858942, 4.6415888336127775, 0.17012542798525856)
(0.5743073047858942, 4.6415888336127775, 2.424462017082321)
(0.5743073047858942, 4.6415888336127775, 34.551072945922044)
(0.5743073047858942, 4.6415888336127775, 492.38826317067316)
(0.5743073047858942, 4.6415888336127775, 7017.0382867038079)
(0.5743073047858942, 4.6415888336127775, 100000.0)
(0.5743073047858942, 12.915496650148826, 1e-10)
(0.5743073047858942, 12.915496650148826, 1.4251026703029963e-09)
(0.5743073047858942, 12.915496650148826, 0.00083767764006829068)
(0.5743073047858942, 12.915496650148826, 0.011937766417144358)
(0.5743073047858942, 12.915496650148826, 0.17012542798525856)
(0.5743073047858942, 12.915496650148826, 2.424462017082321)
(0.5743073047858942, 12.915496650148826, 34.551072945922044)
(0.5743073047858942, 12.915496650148826, 492.38826317067316)
(0.5743073047858942, 12.915496650148826, 7017.0382867038079)
(0.5743073047858942, 12.915496650148826, 100000.0)
(0.5743073047858942, 35.938136638046259, 1e-10)
(0.5743073047858942, 35.938136638046259, 1.4251026703029963e-09)
(0.5743073047858942, 35.938136638046259, 0.00083767764006829068)
(0.5743073047858942, 35.938136638046259, 0.011937766417144358)
(0.5743073047858942, 35.938136638046259, 0.17012542798525856)
(0.5743073047858942, 35.938136638046259, 2.424462017082321)
(0.5743073047858942, 35.938136638046259, 34.551072945922044)
(0.5743073047858942, 35.938136638046259, 492.38826317067316)
(0.5743073047858942, 35.938136638046259, 7017.0382867038079)
(0.5743073047858942, 35.938136638046259, 100000.0)
(0.5743073047858942, 100.0, 1e-10)
(0.5743073047858942, 100.0, 0.00083767764006829068)
(0.5743073047858942, 100.0, 0.011937766417144358)
(0.5743073047858942, 100.0, 0.17012542798525856)
(0.5743073047858942, 100.0, 2.424462017082321)
(0.5743073047858942, 100.0, 34.551072945922044)
(0.5743073047858942, 100.0, 492.38826317067316)
(0.5743073047858942, 100.0, 7017.0382867038079)
(0.5743073047858942, 100.0, 100000.0)
(0.55793450881612094, 1.6681005372000592, 5.8780160722748996e-05)
(0.53484466834592781, 4.6415888336127775, 5.8780160722748996e-05)
(0.53190596137699409, 12.915496650148826, 5.8780160722748996e-05)
(0.53043660789252733, 35.938136638046259, 5.8780160722748996e-05)
(0.53043660789252733, 100.0, 5.8780160722748996e-05)

poly
(0.65910999160369432, 35.938136638046259, 4.1246263829013477e-06)
(0.65890008396305622, 0.01, 5.8780160722748996e-05)
(0.65701091519731314, 0.027825594022071243, 5.8780160722748996e-05)
(0.65701091519731314, 4.6415888336127775, 4.1246263829013477e-06)
(0.65701091519731314, 12.915496650148826, 4.1246263829013477e-06)
(0.65302267002518888, 100.0, 4.1246263829013477e-06)
(0.65050377833753148, 1.6681005372000592, 4.1246263829013477e-06)
(0.64336691855583539, 0.077426368268112694, 5.8780160722748996e-05)
(0.6385390428211587, 0.59948425031894093, 4.1246263829013477e-06)
(0.6261544920235097, 0.21544346900318834, 4.1246263829013477e-06)
(0.61293031066330816, 0.077426368268112694, 4.1246263829013477e-06)
(0.61020151133501255, 0.21544346900318834, 5.8780160722748996e-05)
(0.5988664987405542, 100.0, 2.8942661247167518e-07)
(0.59529806884970615, 0.027825594022071243, 4.1246263829013477e-06)
(0.58627204030226698, 35.938136638046259, 2.8942661247167518e-07)
(0.58207388748950462, 0.01, 4.1246263829013477e-06)
(0.57787573467674225, 12.915496650148826, 2.8942661247167518e-07)
(0.57472712006717042, 4.6415888336127775, 2.8942661247167518e-07)
(0.57451721242653231, 1.6681005372000592, 2.8942661247167518e-07)
(0.5743073047858942, 0.01, 1e-10)
(0.5743073047858942, 0.01, 1.4251026703029963e-09)
(0.5743073047858942, 0.01, 2.0309176209047348e-08)
(0.5743073047858942, 0.01, 2.8942661247167518e-07)
(0.5743073047858942, 0.027825594022071243, 1e-10)
(0.5743073047858942, 0.027825594022071243, 1.4251026703029963e-09)
(0.5743073047858942, 0.027825594022071243, 2.0309176209047348e-08)
(0.5743073047858942, 0.027825594022071243, 2.8942661247167518e-07)
(0.5743073047858942, 0.077426368268112694, 1e-10)
(0.5743073047858942, 0.077426368268112694, 1.4251026703029963e-09)
(0.5743073047858942, 0.077426368268112694, 2.0309176209047348e-08)
(0.5743073047858942, 0.077426368268112694, 2.8942661247167518e-07)
(0.5743073047858942, 0.21544346900318834, 1e-10)
(0.5743073047858942, 0.21544346900318834, 1.4251026703029963e-09)
(0.5743073047858942, 0.21544346900318834, 2.0309176209047348e-08)
(0.5743073047858942, 0.21544346900318834, 2.8942661247167518e-07)
(0.5743073047858942, 0.59948425031894093, 1e-10)
(0.5743073047858942, 0.59948425031894093, 1.4251026703029963e-09)
(0.5743073047858942, 0.59948425031894093, 2.0309176209047348e-08)
(0.5743073047858942, 0.59948425031894093, 2.8942661247167518e-07)
(0.5743073047858942, 1.6681005372000592, 1e-10)
(0.5743073047858942, 1.6681005372000592, 1.4251026703029963e-09)
(0.5743073047858942, 1.6681005372000592, 2.0309176209047348e-08)
(0.5743073047858942, 4.6415888336127775, 1e-10)
(0.5743073047858942, 4.6415888336127775, 1.4251026703029963e-09)
(0.5743073047858942, 4.6415888336127775, 2.0309176209047348e-08)
(0.5743073047858942, 12.915496650148826, 1e-10)
(0.5743073047858942, 12.915496650148826, 1.4251026703029963e-09)
(0.5743073047858942, 12.915496650148826, 2.0309176209047348e-08)
(0.5743073047858942, 35.938136638046259, 1e-10)
(0.5743073047858942, 35.938136638046259, 1.4251026703029963e-09)
(0.5743073047858942, 35.938136638046259, 2.0309176209047348e-08)
(0.5743073047858942, 100.0, 1e-10)
(0.5743073047858942, 100.0, 1.4251026703029963e-09)
(0.5743073047858942, 100.0, 2.0309176209047348e-08)
(0.57094878253568426, 0.59948425031894093, 5.8780160722748996e-05)
(0.53505457598656592, 1.6681005372000592, 5.8780160722748996e-05)
(0.49412258606213266, 4.6415888336127775, 5.8780160722748996e-05)
(0.46137699412258604, 12.915496650148826, 5.8780160722748996e-05)
(0.45885810243492864, 0.01, 0.00083767764006829068)
(0.45570948782535686, 35.938136638046259, 5.8780160722748996e-05)
(0.44500419815281278, 0.027825594022071243, 0.00083767764006829068)
(0.44143576826196473, 100.0, 5.8780160722748996e-05)
(0.43492863140218302, 0.077426368268112694, 0.00083767764006829068)
(0.43387909319899243, 0.21544346900318834, 0.00083767764006829068)
(0.43240973971452562, 0.01, 0.011937766417144358)
(0.43240973971452562, 0.01, 0.17012542798525856)
(0.43240973971452562, 0.01, 2.424462017082321)
(0.43240973971452562, 0.01, 34.551072945922044)
(0.43240973971452562, 0.01, 492.38826317067316)
(0.43240973971452562, 0.01, 7017.0382867038079)
(0.43240973971452562, 0.01, 100000.0)
(0.43240973971452562, 0.027825594022071243, 0.011937766417144358)
(0.43240973971452562, 0.027825594022071243, 0.17012542798525856)
(0.43240973971452562, 0.027825594022071243, 2.424462017082321)
(0.43240973971452562, 0.027825594022071243, 34.551072945922044)
(0.43240973971452562, 0.027825594022071243, 492.38826317067316)
(0.43240973971452562, 0.027825594022071243, 7017.0382867038079)
(0.43240973971452562, 0.027825594022071243, 100000.0)
(0.43240973971452562, 0.077426368268112694, 0.011937766417144358)
(0.43240973971452562, 0.077426368268112694, 0.17012542798525856)
(0.43240973971452562, 0.077426368268112694, 2.424462017082321)
(0.43240973971452562, 0.077426368268112694, 34.551072945922044)
(0.43240973971452562, 0.077426368268112694, 492.38826317067316)
(0.43240973971452562, 0.077426368268112694, 7017.0382867038079)
(0.43240973971452562, 0.077426368268112694, 100000.0)
(0.43240973971452562, 0.21544346900318834, 0.011937766417144358)
(0.43240973971452562, 0.21544346900318834, 0.17012542798525856)
(0.43240973971452562, 0.21544346900318834, 2.424462017082321)
(0.43240973971452562, 0.21544346900318834, 34.551072945922044)
(0.43240973971452562, 0.21544346900318834, 492.38826317067316)
(0.43240973971452562, 0.21544346900318834, 7017.0382867038079)
(0.43240973971452562, 0.21544346900318834, 100000.0)
(0.43240973971452562, 0.59948425031894093, 0.00083767764006829068)
(0.43240973971452562, 0.59948425031894093, 0.011937766417144358)
(0.43240973971452562, 0.59948425031894093, 0.17012542798525856)
(0.43240973971452562, 0.59948425031894093, 2.424462017082321)
(0.43240973971452562, 0.59948425031894093, 34.551072945922044)
(0.43240973971452562, 0.59948425031894093, 492.38826317067316)
(0.43240973971452562, 0.59948425031894093, 7017.0382867038079)
(0.43240973971452562, 0.59948425031894093, 100000.0)
(0.43240973971452562, 1.6681005372000592, 0.00083767764006829068)
(0.43240973971452562, 1.6681005372000592, 0.011937766417144358)
(0.43240973971452562, 1.6681005372000592, 0.17012542798525856)
(0.43240973971452562, 1.6681005372000592, 2.424462017082321)
(0.43240973971452562, 1.6681005372000592, 34.551072945922044)
(0.43240973971452562, 1.6681005372000592, 492.38826317067316)
(0.43240973971452562, 1.6681005372000592, 7017.0382867038079)
(0.43240973971452562, 1.6681005372000592, 100000.0)
(0.43240973971452562, 4.6415888336127775, 0.00083767764006829068)
(0.43240973971452562, 4.6415888336127775, 0.011937766417144358)
(0.43240973971452562, 4.6415888336127775, 0.17012542798525856)
(0.43240973971452562, 4.6415888336127775, 2.424462017082321)
(0.43240973971452562, 4.6415888336127775, 34.551072945922044)
(0.43240973971452562, 4.6415888336127775, 492.38826317067316)
(0.43240973971452562, 4.6415888336127775, 7017.0382867038079)
(0.43240973971452562, 4.6415888336127775, 100000.0)
(0.43240973971452562, 12.915496650148826, 0.00083767764006829068)
(0.43240973971452562, 12.915496650148826, 0.011937766417144358)
(0.43240973971452562, 12.915496650148826, 0.17012542798525856)
(0.43240973971452562, 12.915496650148826, 2.424462017082321)
(0.43240973971452562, 12.915496650148826, 34.551072945922044)
(0.43240973971452562, 12.915496650148826, 492.38826317067316)
(0.43240973971452562, 12.915496650148826, 7017.0382867038079)
(0.43240973971452562, 12.915496650148826, 100000.0)
(0.43240973971452562, 35.938136638046259, 0.00083767764006829068)
(0.43240973971452562, 35.938136638046259, 0.011937766417144358)
(0.43240973971452562, 35.938136638046259, 0.17012542798525856)
(0.43240973971452562, 35.938136638046259, 2.424462017082321)
(0.43240973971452562, 35.938136638046259, 34.551072945922044)
(0.43240973971452562, 35.938136638046259, 492.38826317067316)
(0.43240973971452562, 35.938136638046259, 7017.0382867038079)
(0.43240973971452562, 35.938136638046259, 100000.0)
(0.43240973971452562, 100.0, 0.00083767764006829068)
(0.43240973971452562, 100.0, 0.011937766417144358)
(0.43240973971452562, 100.0, 0.17012542798525856)
(0.43240973971452562, 100.0, 2.424462017082321)
(0.43240973971452562, 100.0, 34.551072945922044)
(0.43240973971452562, 100.0, 492.38826317067316)
(0.43240973971452562, 100.0, 7017.0382867038079)
(0.43240973971452562, 100.0, 100000.0)

sigmoid
(0.62111670864819479, 35.938136638046259, 2.8942661247167518e-07)
(0.61293031066330816, 100.0, 2.8942661247167518e-07)
(0.61272040302267006, 12.915496650148826, 2.8942661247167518e-07)
(0.5988664987405542, 0.59948425031894093, 4.1246263829013477e-06)
(0.59613769941225858, 100.0, 2.0309176209047348e-08)
(0.5890008396305626, 4.6415888336127775, 2.8942661247167518e-07)
(0.5866918555835432, 0.21544346900318834, 4.1246263829013477e-06)
(0.58354324097397148, 35.938136638046259, 2.0309176209047348e-08)
(0.57934508816120911, 0.077426368268112694, 5.8780160722748996e-05)
(0.57451721242653231, 1.6681005372000592, 2.8942661247167518e-07)
(0.5743073047858942, 0.01, 1e-10)
(0.5743073047858942, 0.01, 1.4251026703029963e-09)
(0.5743073047858942, 0.01, 2.0309176209047348e-08)
(0.5743073047858942, 0.01, 2.8942661247167518e-07)
(0.5743073047858942, 0.01, 4.1246263829013477e-06)
(0.5743073047858942, 0.01, 5.8780160722748996e-05)
(0.5743073047858942, 0.01, 0.00083767764006829068)
(0.5743073047858942, 0.01, 0.011937766417144358)
(0.5743073047858942, 0.01, 0.17012542798525856)
(0.5743073047858942, 0.01, 2.424462017082321)
(0.5743073047858942, 0.01, 34.551072945922044)
(0.5743073047858942, 0.01, 492.38826317067316)
(0.5743073047858942, 0.01, 7017.0382867038079)
(0.5743073047858942, 0.01, 100000.0)
(0.5743073047858942, 0.027825594022071243, 1e-10)
(0.5743073047858942, 0.027825594022071243, 1.4251026703029963e-09)
(0.5743073047858942, 0.027825594022071243, 2.0309176209047348e-08)
(0.5743073047858942, 0.027825594022071243, 2.8942661247167518e-07)
(0.5743073047858942, 0.027825594022071243, 4.1246263829013477e-06)
(0.5743073047858942, 0.027825594022071243, 5.8780160722748996e-05)
(0.5743073047858942, 0.027825594022071243, 0.00083767764006829068)
(0.5743073047858942, 0.027825594022071243, 0.011937766417144358)
(0.5743073047858942, 0.027825594022071243, 0.17012542798525856)
(0.5743073047858942, 0.027825594022071243, 2.424462017082321)
(0.5743073047858942, 0.027825594022071243, 34.551072945922044)
(0.5743073047858942, 0.027825594022071243, 492.38826317067316)
(0.5743073047858942, 0.027825594022071243, 7017.0382867038079)
(0.5743073047858942, 0.027825594022071243, 100000.0)
(0.5743073047858942, 0.077426368268112694, 1e-10)
(0.5743073047858942, 0.077426368268112694, 1.4251026703029963e-09)
(0.5743073047858942, 0.077426368268112694, 2.0309176209047348e-08)
(0.5743073047858942, 0.077426368268112694, 2.8942661247167518e-07)
(0.5743073047858942, 0.077426368268112694, 4.1246263829013477e-06)
(0.5743073047858942, 0.21544346900318834, 1e-10)
(0.5743073047858942, 0.21544346900318834, 1.4251026703029963e-09)
(0.5743073047858942, 0.21544346900318834, 2.0309176209047348e-08)
(0.5743073047858942, 0.21544346900318834, 2.8942661247167518e-07)
(0.5743073047858942, 0.59948425031894093, 1e-10)
(0.5743073047858942, 0.59948425031894093, 1.4251026703029963e-09)
(0.5743073047858942, 0.59948425031894093, 2.0309176209047348e-08)
(0.5743073047858942, 0.59948425031894093, 2.8942661247167518e-07)
(0.5743073047858942, 1.6681005372000592, 1e-10)
(0.5743073047858942, 1.6681005372000592, 1.4251026703029963e-09)
(0.5743073047858942, 1.6681005372000592, 2.0309176209047348e-08)
(0.5743073047858942, 4.6415888336127775, 1e-10)
(0.5743073047858942, 4.6415888336127775, 1.4251026703029963e-09)
(0.5743073047858942, 4.6415888336127775, 2.0309176209047348e-08)
(0.5743073047858942, 12.915496650148826, 1e-10)
(0.5743073047858942, 12.915496650148826, 1.4251026703029963e-09)
(0.5743073047858942, 12.915496650148826, 2.0309176209047348e-08)
(0.5743073047858942, 35.938136638046259, 1e-10)
(0.5743073047858942, 35.938136638046259, 1.4251026703029963e-09)
(0.5743073047858942, 100.0, 1e-10)
(0.5743073047858942, 100.0, 1.4251026703029963e-09)
(0.57283795130142734, 1.6681005372000592, 4.1246263829013477e-06)
(0.56255247691015953, 0.077426368268112694, 0.00083767764006829068)
(0.55814441645675905, 0.077426368268112694, 2.424462017082321)
(0.55793450881612094, 4.6415888336127775, 4.1246263829013477e-06)
(0.55751469353484462, 0.21544346900318834, 5.8780160722748996e-05)
(0.5568849706129303, 0.077426368268112694, 34.551072945922044)
(0.5568849706129303, 0.077426368268112694, 492.38826317067316)
(0.5568849706129303, 0.077426368268112694, 7017.0382867038079)
(0.5568849706129303, 0.077426368268112694, 100000.0)
(0.55667506297229219, 0.077426368268112694, 0.17012542798525856)
(0.55247691015952982, 0.077426368268112694, 0.011937766417144358)
(0.54198152812762379, 0.59948425031894093, 5.8780160722748996e-05)
(0.52455919395466, 0.21544346900318834, 0.011937766417144358)
(0.52434928631402178, 0.21544346900318834, 0.00083767764006829068)
(0.52057094878253574, 0.21544346900318834, 34.551072945922044)
(0.52057094878253574, 0.21544346900318834, 492.38826317067316)
(0.52057094878253574, 0.21544346900318834, 7017.0382867038079)
(0.52057094878253574, 0.21544346900318834, 100000.0)
(0.5199412258606213, 0.21544346900318834, 2.424462017082321)
(0.5197313182199832, 35.938136638046259, 4.1246263829013477e-06)
(0.51847187237615444, 12.915496650148826, 4.1246263829013477e-06)
(0.51616288832913515, 1.6681005372000592, 5.8780160722748996e-05)
(0.51532325776658272, 0.21544346900318834, 0.17012542798525856)
(0.5073467674223342, 4.6415888336127775, 5.8780160722748996e-05)
(0.50608732157850544, 12.915496650148826, 5.8780160722748996e-05)
(0.50398824517212426, 0.59948425031894093, 0.17012542798525856)
(0.50377833753148615, 0.59948425031894093, 0.00083767764006829068)
(0.50272879932829551, 4.6415888336127775, 2.424462017082321)
(0.50272879932829551, 35.938136638046259, 2.424462017082321)
(0.50272879932829551, 100.0, 2.424462017082321)
(0.5025188916876574, 4.6415888336127775, 34.551072945922044)
(0.5025188916876574, 4.6415888336127775, 492.38826317067316)
(0.5025188916876574, 4.6415888336127775, 7017.0382867038079)
(0.5025188916876574, 4.6415888336127775, 100000.0)
(0.5025188916876574, 12.915496650148826, 34.551072945922044)
(0.5025188916876574, 12.915496650148826, 492.38826317067316)
(0.5025188916876574, 12.915496650148826, 7017.0382867038079)
(0.5025188916876574, 12.915496650148826, 100000.0)
(0.5025188916876574, 35.938136638046259, 34.551072945922044)
(0.5025188916876574, 35.938136638046259, 492.38826317067316)
(0.5025188916876574, 35.938136638046259, 7017.0382867038079)
(0.5025188916876574, 35.938136638046259, 100000.0)
(0.5025188916876574, 100.0, 34.551072945922044)
(0.5025188916876574, 100.0, 492.38826317067316)
(0.5025188916876574, 100.0, 7017.0382867038079)
(0.5025188916876574, 100.0, 100000.0)
(0.50146935348446686, 0.59948425031894093, 0.011937766417144358)
(0.50146935348446686, 35.938136638046259, 5.8780160722748996e-05)
(0.50125944584382875, 0.59948425031894093, 2.424462017082321)
(0.50125944584382875, 0.59948425031894093, 34.551072945922044)
(0.50125944584382875, 0.59948425031894093, 492.38826317067316)
(0.50125944584382875, 0.59948425031894093, 7017.0382867038079)
(0.50125944584382875, 0.59948425031894093, 100000.0)
(0.49916036943744752, 12.915496650148826, 0.011937766417144358)
(0.49895046179680941, 12.915496650148826, 2.424462017082321)
(0.49811083123425692, 1.6681005372000592, 2.424462017082321)
(0.49811083123425692, 4.6415888336127775, 0.011937766417144358)
(0.49790092359361882, 1.6681005372000592, 34.551072945922044)
(0.49790092359361882, 1.6681005372000592, 492.38826317067316)
(0.49790092359361882, 1.6681005372000592, 7017.0382867038079)
(0.49790092359361882, 1.6681005372000592, 100000.0)
(0.49580184718723763, 4.6415888336127775, 0.17012542798525856)
(0.49538203190596136, 35.938136638046259, 0.17012542798525856)
(0.49496221662468515, 100.0, 0.17012542798525856)
(0.49412258606213266, 100.0, 5.8780160722748996e-05)
(0.4926532325776658, 1.6681005372000592, 0.17012542798525856)
(0.49244332493702769, 100.0, 4.1246263829013477e-06)
(0.48950461796809402, 1.6681005372000592, 0.011937766417144358)
(0.48908480268681781, 35.938136638046259, 0.011937766417144358)
(0.4888748950461797, 1.6681005372000592, 0.00083767764006829068)
(0.48719563392107473, 4.6415888336127775, 0.00083767764006829068)
(0.48698572628043663, 12.915496650148826, 0.17012542798525856)
(0.48509655751469355, 100.0, 0.011937766417144358)
(0.48341729638958858, 12.915496650148826, 0.00083767764006829068)
(0.47984886649874053, 100.0, 0.00083767764006829068)
(0.47963895885810243, 35.938136638046259, 0.00083767764006829068)

45.28331971168518
