0.574307304786 0.01 1e-10
0.574307304786 0.01 1.12883789168e-09
0.574307304786 0.01 1.2742749857e-08
0.574307304786 0.01 1.43844988829e-07
0.747061293031 0.01 1.62377673919e-06
0.574307304786 0.01 1.83298071083e-05
0.574307304786 0.01 0.000206913808111
0.574307304786 0.01 0.00233572146909
0.574307304786 0.01 0.0263665089873
0.574307304786 0.01 0.297635144163
0.574307304786 0.01 3.35981828628
0.574307304786 0.01 37.9269019073
0.574307304786 0.01 428.133239872
0.574307304786 0.01 4832.93023857
0.574307304786 0.01 54555.9478117
0.574307304786 0.01 615848.211066
0.574307304786 0.01 6951927.96178
0.574307304786 0.01 78475997.0351
0.574307304786 0.01 885866790.41
0.574307304786 0.01 10000000000.0
0.574307304786 0.0278255940221 1e-10
0.574307304786 0.0278255940221 1.12883789168e-09
0.574307304786 0.0278255940221 1.2742749857e-08
0.575146935348 0.0278255940221 1.43844988829e-07
0.760915197313 0.0278255940221 1.62377673919e-06
0.574307304786 0.0278255940221 1.83298071083e-05
0.574307304786 0.0278255940221 0.000206913808111
0.574307304786 0.0278255940221 0.00233572146909
0.574307304786 0.0278255940221 0.0263665089873
0.574307304786 0.0278255940221 0.297635144163
0.574307304786 0.0278255940221 3.35981828628
0.574307304786 0.0278255940221 37.9269019073
0.574307304786 0.0278255940221 428.133239872
0.574307304786 0.0278255940221 4832.93023857
0.574307304786 0.0278255940221 54555.9478117
0.574307304786 0.0278255940221 615848.211066
0.574307304786 0.0278255940221 6951927.96178
0.574307304786 0.0278255940221 78475997.0351
0.574307304786 0.0278255940221 885866790.41
0.574307304786 0.0278255940221 10000000000.0
0.574307304786 0.0774263682681 1e-10
0.574307304786 0.0774263682681 1.12883789168e-09
0.574307304786 0.0774263682681 1.2742749857e-08
0.597397145256 0.0774263682681 1.43844988829e-07
0.769521410579 0.0774263682681 1.62377673919e-06
0.757976490344 0.0774263682681 1.83298071083e-05
0.574307304786 0.0774263682681 0.000206913808111
0.574307304786 0.0774263682681 0.00233572146909
0.574307304786 0.0774263682681 0.0263665089873
0.574307304786 0.0774263682681 0.297635144163
0.574307304786 0.0774263682681 3.35981828628
0.574307304786 0.0774263682681 37.9269019073
0.574307304786 0.0774263682681 428.133239872
0.574307304786 0.0774263682681 4832.93023857
0.574307304786 0.0774263682681 54555.9478117
0.574307304786 0.0774263682681 615848.211066
0.574307304786 0.0774263682681 6951927.96178
0.574307304786 0.0774263682681 78475997.0351
0.574307304786 0.0774263682681 885866790.41
0.574307304786 0.0774263682681 10000000000.0
0.574307304786 0.215443469003 1e-10
0.574307304786 0.215443469003 1.12883789168e-09
0.574307304786 0.215443469003 1.2742749857e-08
0.651133501259 0.215443469003 1.43844988829e-07
0.774139378673 0.215443469003 1.62377673919e-06
0.777078085642 0.215443469003 1.83298071083e-05
0.574307304786 0.215443469003 0.000206913808111
0.574307304786 0.215443469003 0.00233572146909
0.574307304786 0.215443469003 0.0263665089873
0.574307304786 0.215443469003 0.297635144163
0.574307304786 0.215443469003 3.35981828628
0.574307304786 0.215443469003 37.9269019073
0.574307304786 0.215443469003 428.133239872
0.574307304786 0.215443469003 4832.93023857
0.574307304786 0.215443469003 54555.9478117
0.574307304786 0.215443469003 615848.211066
0.574307304786 0.215443469003 6951927.96178
0.574307304786 0.215443469003 78475997.0351
0.574307304786 0.215443469003 885866790.41
0.574307304786 0.215443469003 10000000000.0
0.574307304786 0.599484250319 1e-10
0.574307304786 0.599484250319 1.12883789168e-09
0.574307304786 0.599484250319 1.2742749857e-08
0.69752308984 0.599484250319 1.43844988829e-07
0.776658270361 0.599484250319 1.62377673919e-06
0.786523929471 0.599484250319 1.83298071083e-05
0.574307304786 0.599484250319 0.000206913808111
0.574307304786 0.599484250319 0.00233572146909
0.574307304786 0.599484250319 0.0263665089873
0.574307304786 0.599484250319 0.297635144163
0.574307304786 0.599484250319 3.35981828628
0.574307304786 0.599484250319 37.9269019073
0.574307304786 0.599484250319 428.133239872
0.574307304786 0.599484250319 4832.93023857
0.574307304786 0.599484250319 54555.9478117
0.574307304786 0.599484250319 615848.211066
0.574307304786 0.599484250319 6951927.96178
0.574307304786 0.599484250319 78475997.0351
0.574307304786 0.599484250319 885866790.41
0.574307304786 0.599484250319 10000000000.0
0.574307304786 1.6681005372 1e-10
0.574307304786 1.6681005372 1.12883789168e-09
0.574307304786 1.6681005372 1.2742749857e-08
0.717674223342 1.6681005372 1.43844988829e-07
0.772250209908 1.6681005372 1.62377673919e-06
0.788623005877 1.6681005372 1.83298071083e-05
0.569479429051 1.6681005372 0.000206913808111
0.574307304786 1.6681005372 0.00233572146909
0.574307304786 1.6681005372 0.0263665089873
0.574307304786 1.6681005372 0.297635144163
0.574307304786 1.6681005372 3.35981828628
0.574307304786 1.6681005372 37.9269019073
0.574307304786 1.6681005372 428.133239872
0.574307304786 1.6681005372 4832.93023857
0.574307304786 1.6681005372 54555.9478117
0.574307304786 1.6681005372 615848.211066
0.574307304786 1.6681005372 6951927.96178
0.574307304786 1.6681005372 78475997.0351
0.574307304786 1.6681005372 885866790.41
0.574307304786 1.6681005372 10000000000.0
0.574307304786 4.64158883361 1e-10
0.574307304786 4.64158883361 1.12883789168e-09
0.579135180521 4.64158883361 1.2742749857e-08
0.731528127624 4.64158883361 1.43844988829e-07
0.759445843829 4.64158883361 1.62377673919e-06
0.781696053736 4.64158883361 1.83298071083e-05
0.56570109152 4.64158883361 0.000206913808111
0.574307304786 4.64158883361 0.00233572146909
0.574307304786 4.64158883361 0.0263665089873
0.574307304786 4.64158883361 0.297635144163
0.574307304786 4.64158883361 3.35981828628
0.574307304786 4.64158883361 37.9269019073
0.574307304786 4.64158883361 428.133239872
0.574307304786 4.64158883361 4832.93023857
0.574307304786 4.64158883361 54555.9478117
0.574307304786 4.64158883361 615848.211066
0.574307304786 4.64158883361 6951927.96178
0.574307304786 4.64158883361 78475997.0351
0.574307304786 4.64158883361 885866790.41
0.574307304786 4.64158883361 10000000000.0
0.574307304786 12.9154966501 1e-10
0.574307304786 12.9154966501 1.12883789168e-09
0.614819479429 12.9154966501 1.2742749857e-08
0.740344248531 12.9154966501 1.43844988829e-07
0.755037783375 12.9154966501 1.62377673919e-06
0.766792611251 12.9154966501 1.83298071083e-05
0.564441645676 12.9154966501 0.000206913808111
0.574307304786 12.9154966501 0.00233572146909
0.574307304786 12.9154966501 0.0263665089873
0.574307304786 12.9154966501 0.297635144163
0.574307304786 12.9154966501 3.35981828628
0.574307304786 12.9154966501 37.9269019073
0.574307304786 12.9154966501 428.133239872
0.574307304786 12.9154966501 4832.93023857
0.574307304786 12.9154966501 54555.9478117
0.574307304786 12.9154966501 615848.211066
0.574307304786 12.9154966501 6951927.96178
0.574307304786 12.9154966501 78475997.0351
0.574307304786 12.9154966501 885866790.41
0.574307304786 12.9154966501 10000000000.0
0.574307304786 35.938136638 1e-10
0.574307304786 35.938136638 1.12883789168e-09
0.668136020151 35.938136638 1.2742749857e-08
0.735726280437 35.938136638 1.43844988829e-07
0.751679261125 35.938136638 1.62377673919e-06
0.743073047859 35.938136638 1.83298071083e-05
0.564021830395 35.938136638 0.000206913808111
0.574307304786 35.938136638 0.00233572146909
0.574307304786 35.938136638 0.0263665089873
0.574307304786 35.938136638 0.297635144163
0.574307304786 35.938136638 3.35981828628
0.574307304786 35.938136638 37.9269019073
0.574307304786 35.938136638 428.133239872
0.574307304786 35.938136638 4832.93023857
0.574307304786 35.938136638 54555.9478117
0.574307304786 35.938136638 615848.211066
0.574307304786 35.938136638 6951927.96178
0.574307304786 35.938136638 78475997.0351
0.574307304786 35.938136638 885866790.41
0.574307304786 35.938136638 10000000000.0
0.574307304786 100.0 1e-10
0.574307304786 100.0 1.12883789168e-09
0.696893366919 100.0 1.2742749857e-08
0.738245172124 100.0 1.43844988829e-07
0.747900923594 100.0 1.62377673919e-06
0.713476070529 100.0 1.83298071083e-05
0.564021830395 100.0 0.000206913808111
0.574307304786 100.0 0.00233572146909
0.574307304786 100.0 0.0263665089873
0.574307304786 100.0 0.297635144163
0.574307304786 100.0 3.35981828628
0.574307304786 100.0 37.9269019073
0.574307304786 100.0 428.133239872
0.574307304786 100.0 4832.93023857
0.574307304786 100.0 54555.9478117
0.574307304786 100.0 615848.211066
0.574307304786 100.0 6951927.96178
0.574307304786 100.0 78475997.0351
0.574307304786 100.0 885866790.41
0.574307304786 100.0 10000000000.0
0.574307304786 0.01 1e-10
0.574307304786 0.01 1.12883789168e-09
0.574307304786 0.01 1.2742749857e-08
0.574307304786 0.01 1.43844988829e-07
0.574937027708 0.01 1.62377673919e-06
0.641687657431 0.01 1.83298071083e-05
0.660789252729 0.01 0.000206913808111
